4597137037.00401,1583364.3587688,-916736099.477123,-44387957.5956446,-517990534.676165,-57583471.143161,-204382646.507919,-19677175.1665998,-109037793.070031,-410279.117038501,-3051322.79067168,-128792464.127037,779396.227104678,-53029195.8364627,-330694188.026513,-722944463.389212,-88421280.6751457,-348788689.752318,-8794072.54531109,6212668455.31679,-1615450.50115037,-873125060.690467,-87072364.1558175,-952726043.41611,-69361909.0984012,-2157961111.09,-121862147.768622,-525545532.412638,174547.367390182,-3802634.14223797,-103331706.368994,4353771.49993982,-44517481.1393668,-461613355.914329,-561516848.698546,-36036295.9892939,-150499717.339108,-5979198.22200559,3566750174.26472,-1948480.89120424,-1680529716.28621,-107118398.401614,-1713496267.74499,-86128961.2583923,-1822361483.12188,-104569662.136007,-607792707.883582,1437740.06724211,-5931596.68523259,-477824994.417454,6420778.6048676,-35571396.4966759,-535721138.599207,-1026230712.12857,-163275012.672171,-245567465.034153,-6653061.40871218
1583364.3587688,8112259.14347742,-25168898.6327377,-931674.892284474,-17691337.1379707,3070225.57888574,-4624261.56215207,-507670.871375854,4720988.85410799,-22282.7317633884,-63065.9651660945,-2038636.66974292,-206730.417081109,-1449904.77995506,-7244336.65453072,-19219986.8724756,4384009.74409488,-7609965.97413006,-193560.18090373,3780456.90813268,10707858.1590392,-24125113.6870885,-1773582.12862792,-32820627.7337457,3671947.16654786,-48547182.127381,-3256642.70847654,24187017.6793219,-28227.3609948905,-77788.7432683395,-1735005.41235915,-126545.62588427,-1218106.55630127,-10114406.5161222,-15173121.4331112,2757949.87496976,-3301275.5960567,-129162.474143123,1343089.06483033,7914381.94077032,-46263968.2239847,-2240943.2721506,-58823521.0068043,4465688.87988304,-41140193.7022313,-2785620.74134627,42452431.7818352,-28014.4920456989,-110666.435372161,-7615746.47965411,-198484.701131525,-960630.109647123,-12006440.1924047,-27417192.1865613,8940809.93912317,-5359348.5344572,-147492.84265253
-916736099.477123,-25168898.6327377,143724557500.296,-202911066.088339,-2926357275.23034,-275494697.862623,-939185832.798573,-94609581.2386413,-520671691.356102,-5326071.6258275,-14665276.3030356,-615698867.000783,-38958319.7044197,-255551138.323454,-1467513614.3484,-3632312397.92006,-421219831.15962,-1461095128.2929,-42951935.2409719,-1706406792.59972,-34689682.1588008,62564574832.5076,-405994943.740225,-5238255850.43979,-331972248.20742,-10052519152.3667,-587369242.600238,-2524862376.09705,-7776926.70879733,-18148246.4940386,-495031928.914242,-24423577.4995433,-214129543.42601,-2132301858.43658,-2881734606.08928,-170745048.029061,-574397902.14506,-31046805.7128323,-869486242.191899,-29168218.3847767,137817973507.835,-499897214.171511,-9361967708.62496,-410459276.573213,-8474850597.76271,-504398188.662837,-2919178749.58182,-10189341.2768606,-28562957.8800312,-2287288139.50614,-37830402.9977873,-171286483.577664,-2438737047.98442,-5192335917.48765,-783106519.617744,-1013220146.14594,-34786033.7977647
-44387957.5956446,-931674.892284474,-202911066.088339,353323165.26317,-142660381.198477,-13459035.9983098,-48520546.4017843,344216.471963439,-25289381.0108745,-55815.1171331173,-724284.017990944,-30063638.4817893,-1493252.96371586,-12196249.4699987,-78142183.7723292,-178086816.611732,-20475578.8169491,-81261932.1657354,3688008.53604974,-82375036.5534405,-1458325.25349236,-194007472.725778,541161963.05992,-255051643.834489,-16162536.2922943,-513606353.377388,-8929170.15227519,-121908931.424828,-159392.333083067,-891269.055401033,-24245160.9238109,-961805.185614523,-10220735.4411336,-109066820.887742,-141221235.499766,-8300178.28269892,-35103260.339121,4424590.06996806,-41989681.9082851,-1212181.46319869,-373261898.189768,673547800.63911,-457716115.082697,-20023422.5154252,-433846989.986489,-5918356.03617128,-140956742.97879,-220043.237920696,-1412079.28104691,-111434289.320397,-1311836.38453114,-8184410.75734959,-126519905.874728,-254712416.541223,-37917566.1410166,-57239023.6442867,3160659.31822947
-517990534.676165,-17691337.1379707,-2926357275.23034,-142660381.198477,54548044805.9213,-175370976.870541,-651494463.772951,-60191297.8181174,-317228810.301629,-3410310.43019643,-5917178.96997585,-409209647.581334,-25650154.9823008,-164918109.963597,-1052639307.14552,-2404235872.37783,-202785457.977502,-1109864603.23777,-26232792.9222338,-975087029.339397,-24127704.3523132,-2788195010.00087,-276772946.64329,60079677646.1204,-202794904.696365,-6845197346.75827,-387559029.794343,-1598607222.92962,-4059418.42887151,-9643025.86394052,-329188918.987456,-16042264.5797972,-139157714.209197,-1468205083.82346,-1907676839.85402,-86024761.0490275,-480835578.513189,-17721180.9223145,-463220795.45132,-20054785.9143892,-5368845377.09598,-340687792.997384,99821458867.2619,-257132203.593997,-5780318673.93983,-330991340.931134,-1851707842.19722,-5517069.08904856,-15769323.3836457,-1514887484.22345,-25144478.0769781,-109250017.566392,-1703266946.96234,-3437692195.22614,-410725450.214709,-783131703.763643,-19626122.6745108
-57583471.143161,3070225.57888574,-275494697.862623,-13459035.9983098,-175370976.870541,769496335.575904,-61489888.7000925,-5951578.96195032,-33337438.0278025,274892.932851922,-922947.926200422,-38937353.8059255,-2457821.32961436,-16068446.25231,-100320715.174875,-224054134.595733,-26795913.8891918,-105600569.931403,-2671533.70644283,-107045923.721585,6495691.03845013,-261958556.416015,-26358311.7693163,-310966416.464058,525353069.967304,-651546326.495947,-36495539.4028316,-164541549.65321,479550.946845125,-1142562.15463219,-31310265.2135537,-1555380.75800197,-13463572.4094632,-140319843.074867,-176896304.61329,-10892319.9575067,-45449259.7218937,-1776618.66854773,-54535525.4654751,7267557.32276411,-505096820.118604,-32415734.8090666,-558081906.193478,777470203.701646,-550734263.633781,-31335629.5686542,-188252091.53798,915469.274111318,-1743342.64377846,-144706949.896143,-2423594.72131641,-10798522.7930029,-162608988.67542,-320466866.543881,-49588403.6875835,-74334853.376402,-1978693.46117965
-204382646.507919,-4624261.56215207,-939185832.798573,-48520546.4017843,-651494463.772951,-61489888.7000925,6422543486.39873,-19476484.4365119,-116401626.872577,-422932.399459593,2239602.44980602,-137191000.678227,-7862356.88758641,-56692347.5491835,-354414212.092964,-807677484.246338,-94371240.6847838,-374034650.995589,19785694.1758809,-378818116.828128,-7016097.974853,-876835967.878239,-93889676.739752,-1166618890.40474,-73854982.0917927,35990816234.6892,-124756362.594643,-560813677.094241,-564501.659072449,4337686.97998551,-110316029.43189,-4685144.74340615,-47570050.835984,-494348710.765975,-641340405.736103,-38472763.4796365,-161845560.835943,5930255.30051394,-193533192.931645,-5894333.68559535,-1718561132.68706,-114898439.416919,-2085420835.79121,-91524265.9733035,29939794259.5218,-107210528.840222,-648305227.723573,-1527526.58026574,6631731.02398921,-508754946.791699,-7490193.83188659,-37969523.0970505,-573807480.188831,-1156303066.49288,-174380218.555088,-263692370.191214,13247670.2880112
-19677175.1665998,-507670.871375854,-94609581.2386413,344216.471963439,-60191297.8181174,-5951578.96195032,-19476484.4365119,74274601.173449,-11030447.4795819,-114063.917548162,-165428.999639649,-8577195.89530315,-782248.473390168,-5439455.21459554,-17640492.7903449,-77618130.9877845,-8979262.09571942,-34351220.6948165,-900719.31482782,-36649135.1884401,-695499.258601469,-90019918.1947781,-1555709.59043699,-108176404.974471,-7160179.69983483,-201743597.942292,300140209.138289,-53662423.603737,-166307.707232677,-194945.456942274,-6559531.6123454,-491572.464824247,-4556749.55691053,-23019722.3740996,-61305495.7805527,-3638275.85583446,-14925255.9313166,-619884.801580868,-18614871.3270909,-588501.731943156,-173409162.028995,-1545640.19827088,-193187677.207664,-8869164.61379989,-169914260.584342,231647179.194258,-62128667.7257092,-212396.107829857,-407380.154865777,-34897846.9409731,-758200.026920837,-3620636.34064612,-10089404.6350148,-110736305.423778,-16819705.9380173,-24236449.97002,-686167.283396
-109037793.070031,4720988.85410799,-520671691.356102,-25289381.0108745,-317228810.301629,-33337438.0278025,-116401626.872577,-11030447.4795819,2678793224.84059,1510192.78595566,-1737311.60268548,-74247300.9899618,7970918.47357258,-29983255.1324028,-188539928.132925,-325523658.98051,-50142395.5659124,-198274159.825835,-5055614.85895337,-202438685.455316,3665936.42429972,-496589591.770155,-49500258.875371,-566458765.951379,-39546066.3519139,-1226673214.41775,-68023925.4438703,4057224355.09138,2156123.35378582,-2093388.09968601,-59411392.0135772,10398023.2593875,-25156092.1086167,-263391087.227998,-265953546.053647,-20385333.6242084,-85513763.5520994,-3520282.85929194,-103302460.947873,2386657.03925434,-955234063.458511,-61065631.0155329,-1013064200.46811,-48981942.9135844,-1035887522.53873,-58283672.3842075,5638045993.91086,3400370.05721938,-3345784.29493327,-276112922.253188,11557118.1972564,-20004178.0420815,-305585927.38598,-488049026.070569,-92682757.753644,-139507218.145428,-3902162.540865
-410279.117038501,-22282.7317633884,-5326071.6258275,-55815.1171331173,-3410310.43019643,274892.932851922,-422932.399459593,-114063.917548162,1510192.78595566,56165.8353257533,-6300.6852041241,-273577.205646969,75410.888106974,2974368.53844669,-506254.412396698,-4605345.13853905,-21286.8547270446,-920551.444628051,-24054.3724645577,-656388.598929188,-35326.0590236826,-5069696.24636232,-39622.4100744747,-5988321.61269367,838084.113285692,-4298433.65522096,-730352.06654557,9200033.58102934,58305.7245116098,-7760.65041641484,-227022.416407833,57738.5342258481,2353946.40100548,-768851.374945326,-3667366.64726578,-40958.7652143298,-420525.899681043,-15635.5032083172,-355440.579727565,-30315.4753291481,-9767786.46285568,-153697.007185988,-10850043.1022335,868882.131274782,-3650428.85256884,-627315.539516886,7070265.08198796,67045.9744912379,-14638.2296145429,-1168851.43924834,81584.7741899539,2335681.59152572,-1096154.73235729,-6557551.21649601,-79660.3856654166,-601978.728629599,-20732.0947732507
-3051322.79067168,-63065.9651660945,-14665276.3030356,-724284.017990944,-5917178.96997585,-922947.926200422,2239602.44980602,-165428.999639649,-1737311.60268548,-6300.6852041241,1941258.37381346,-2018872.84904591,-102979.613817214,-748642.340818123,14404141.4424827,-9176994.23341514,-1426564.50693131,2306111.41059519,-136762.928068196,-5682610.94128827,-92299.2865990949,-13974448.5317234,-1408086.2331314,-11604210.8717568,-1118617.16891797,45366191.0550699,-1247821.4886594,-8426965.88221044,-10427.243722361,1932400.40352269,-1616476.34010823,-66461.284126565,-700698.842287842,18268622.8418441,-7502487.56786306,-580794.054779198,1753916.78631442,-94798.3719465614,-2888115.25098656,-80330.3883285506,-26896405.49462,-1719423.97480615,-21409087.6449466,-1380287.6438487,43566337.8364617,-1071093.85090905,-9714127.38374688,-20709.9520402007,2480772.29561656,-7562391.9027286,-101259.738871343,-346280.12407619,27276490.330365,-13325389.8262722,-2632893.77664738,3443733.85491324,-105285.959084144
-128792464.127037,-2038636.66974292,-615698867.000783,-30063638.4817893,-409209647.581334,-38937353.8059255,-137191000.678227,-8577195.89530315,-74247300.9899618,-273577.205646969,-2018872.84904591,2930805617.63645,-110244.447280083,-35641504.6654834,-224170466.370472,-385035645.343325,-58796614.5275509,-234924914.840819,-5982116.4933064,-238753338.635926,-3691756.88735011,-586741102.65328,-58839808.2374228,-731883028.458423,-46791991.1658754,-1448674017.99089,-65312132.105974,-352721559.616914,-397803.408023198,-2487193.01518843,1219312784.84039,128381.890418841,-29911335.4472426,-313588637.237872,-294177342.935926,-23691244.5894087,-101485906.675513,-4155235.37337447,-121888063.418949,-3133157.74379489,-1129545686.01045,-72305822.0868757,-1309038142.02499,-57957018.7737475,-1223317813.27173,-54895502.5445814,-407555095.912547,-424282.807934824,-3967590.93873306,5346288067.254,1286001.74971714,-23836826.9141937,-363998776.389064,-546374598.844179,-109261525.021863,-165468953.315655,-4603478.3080388
779396.227104678,-206730.417081109,-38958319.7044197,-1493252.96371586,-25650154.9823008,-2457821.32961436,-7862356.88758641,-782248.473390168,7970918.47357258,75410.888106974,-102979.613817214,-110244.447280083,27059734.2141857,-2147707.88504372,-12243578.3100523,-32769026.4483974,3299976.03166543,-13506818.1383219,-324802.843964152,-1229350.66342493,-296134.54477187,-37132687.9230389,-2912553.74531118,-45918461.0483666,-2930301.56020122,-82522688.5321993,-4996576.81147327,65302677.1317033,66232.0309507871,-127867.440600304,-25408.6512887342,10389994.5631011,-1728095.56703554,-17085199.6442348,-26037117.1899071,898491.9066108,-5825978.33065412,-221309.680204762,755858.935706658,-250094.392806872,-71585106.28523,-3550235.23642728,-82054717.8808838,-3637018.14303971,-69801327.3761009,-4271536.64621196,48648480.7909664,74331.7251267411,-193978.628021202,596238.350954924,17572047.9086965,-1390490.70237916,-19826920.764018,-47314073.874139,5593518.33298175,-9550242.90800661,-252846.15730284
-53029195.8364627,-1449904.77995506,-255551138.323454,-12196249.4699987,-164918109.963597,-16068446.25231,-56692347.5491835,-5439455.21459554,-29983255.1324028,2974368.53844669,-748642.340818123,-35641504.6654834,-2147707.88504372,701533235.439285,-91132813.1694878,-206532374.334359,-24422531.9876526,-70094222.4085848,-2379934.28285631,-98637108.7386243,-1982157.15346233,-243261578.804946,-23930418.076104,-295425746.030766,-19391137.362512,-598700210.141256,-33537707.6247259,-145245055.686503,4148975.1173829,-941983.97000317,-28615849.4073053,-1345668.9079188,594337307.869803,-127642749.882411,-163984375.5397,-9949590.10371039,-26815348.4734668,-1651072.88875841,-50274462.8140824,-1679087.59062946,-468349461.606897,-29434307.3135729,-527958906.08187,-23981296.9473386,-505519324.413511,-28787355.7099191,-168022349.872175,4093414.53008027,-1512800.6692193,-132415074.154233,-2122600.69238687,384551539.720823,-148162229.894025,-295319223.27024,-45405455.186733,-47840282.919978,-1839728.00084805
-330694188.026513,-7244336.65453072,-1467513614.3484,-78142183.7723292,-1052639307.14552,-100320715.174875,-354414212.092964,-17640492.7903449,-188539928.132925,-506254.412396698,14404141.4424827,-224170466.370472,-12243578.3100523,-91132813.1694878,13166690108.2716,-1297420614.53632,-152322890.800683,-605359269.294491,43437484.9235875,-614097376.164356,-11065515.9797523,-1407053871.43431,-151818069.865067,-1884241863.30774,-120612881.73964,-3729682930.84985,-167216876.275561,-908396439.44085,-1356440.77515692,17126608.5416209,-181096999.170963,-7509120.496372,-76390398.2743844,15628901637.2816,-1033608382.5315,-61751909.5505753,-261337047.26725,38828393.1884931,-312867612.592575,-9385124.55634445,-2709157527.14127,-186559285.391023,-3371499760.07797,-149332215.918642,-3149462809.23895,-149795402.665324,-1050220600.78383,-2141697.40505936,26366043.5672946,-825865089.68185,-11337246.4765167,-61197908.624547,21974619693.8974,-1863280178.61897,-282018655.755396,-426441150.744085,30990397.2232902
-722944463.389212,-19219986.8724756,-3632312397.92006,-178086816.611732,-2404235872.37783,-224054134.595733,-807677484.246338,-77618130.9877845,-325523658.98051,-4605345.13853905,-9176994.23341514,-385035645.343325,-32769026.4483974,-206532374.334359,-1297420614.53632,76710382426.7796,-333674414.559116,-1376250333.30144,-32144989.2909666,-1345625768.11565,-27212137.0538308,-3461112429.63541,-345868324.324967,-4303857753.76233,-267996099.581423,-8482266659.59655,-483242348.777898,-1946954625.78081,-6770335.33137884,-11622827.7453359,-319451449.034733,-20898908.0641096,-173545463.461919,-1810577990.67917,37187228579.1267,-134429687.150097,-595002013.167373,-21969006.4317369,-668652776.292421,-22810552.4852576,-6664292635.2947,-425060165.721097,-7690356270.27843,-333645575.358721,-7162647784.04627,-414463784.036903,-2208933754.39393,-8451485.16862517,-20349572.4071411,-1700478514.9489,-31985242.8876176,-137451518.262138,-2103304784.17414,70790753025.4227,-630807154.478877,-969767391.681001,-24025198.5607262
-88421280.6751457,4384009.74409488,-421219831.15962,-20475578.8169491,-202785457.977502,-26795913.8891918,-94371240.6847838,-8979262.09571942,-50142395.5659124,-21286.8547270446,-1426564.50693131,-58796614.5275509,3299976.03166543,-24422531.9876526,-152322890.800683,-333674414.559116,1040198544.12864,-158442064.739113,-4072048.90531261,-164724609.725287,8980544.92477465,-401546494.73266,-40095377.229551,-378317073.018822,-32214285.1058805,-994219626.278638,-55345754.8278705,-242622722.051649,-298851.171968258,-1710966.31225227,-47251736.8425733,4367810.56842387,-20384989.8712461,-212932967.723785,-265011790.642754,365588936.175928,-68077223.6004825,-2807335.17851588,-83978593.2926073,9869257.60168976,-772724739.331636,-49377047.9109881,-635782501.623206,-39912830.4165175,-839426827.012261,-47488533.7519917,-280429469.565087,-447512.392799816,-2696980.43386481,-218828945.342003,5453205.13424651,-16163596.0705386,-246797850.375221,-476313791.880479,1498313051.17453,-111415002.88771,-3123363.25153495
-348788689.752318,-7609965.97413006,-1461095128.2929,-81261932.1657354,-1109864603.23777,-105600569.931403,-374034650.995589,-34351220.6948165,-198274159.825835,-920551.444628051,2306111.41059519,-234924914.840819,-13506818.1383219,-70094222.4085848,-605359269.294491,-1376250333.30144,-158442064.739113,14027898034.9075,-2593197.42438727,-647106263.199239,-11863020.9790117,-1383192164.86082,-158929621.707204,-1987543867.79713,-126968423.266058,-3927976168.68785,-218414804.965422,-955491045.715591,-1647583.00947417,3739320.45846873,-189071177.604079,-7844883.87675018,-57507894.8579839,-845074235.444919,-1092443485.80252,-64331653.5932828,4832921906.77862,-5496159.34579949,-330029482.172817,-9840373.85252787,-2724510161.81983,-196137034.627428,-3552999679.72008,-157264904.569825,-3316923256.64527,-187658160.343531,-1104834314.79042,-3081208.69415998,14861293.4725387,-869164605.211282,-12973780.043153,-45032988.2891054,-977806156.526723,-1969724694.54043,-293488926.97504,8252608001.93469,-3562921.89117514
-8794072.54531109,-193560.18090373,-42951935.2409719,3688008.53604974,-26232792.9222338,-2671533.70644283,19785694.1758809,-900719.31482782,-5055614.85895337,-24054.3724645577,-136762.928068196,-5982116.4933064,-324802.843964152,-2379934.28285631,43437484.9235875,-32144989.2909666,-4072048.90531261,-2593197.42438727,13524019.4008894,-16422551.0319414,-291055.060760689,-41269078.0999453,7804217.96501173,-47122588.3342028,-3212555.34846802,217745786.099537,-5548658.25309335,-24408487.4255423,-44431.3051977171,-169693.943787014,-4841033.26249049,-205373.987380637,-1992175.35166464,65973151.8265688,-25649662.5756817,-1645964.76460408,-1625016.59005223,7525122.46162267,-8365566.27397741,-247543.443287374,-79017057.3391395,9228126.66690107,-84318140.0599839,-3978642.67953074,180062850.111589,-4768613.25545528,-28240858.4689569,-67972.4353238896,-265445.422619886,-22181736.055236,-311394.516313845,-1593495.30900637,43743927.5142517,-46314511.9577075,-7555940.18271192,-2342311.74435235,11096522.849791
6212668455.31679,3780456.90813268,-1706406792.59972,-82375036.5534405,-975087029.339397,-107045923.721585,-378818116.828128,-36649135.1884401,-202438685.455316,-656388.598929188,-5682610.94128827,-238753338.635926,-1229350.66342493,-98637108.7386243,-614097376.164356,-1345625768.11565,-164724609.725287,-647106263.199239,-16422551.0319414,14988163089.3689,-1438511.34576846,-1625559750.27299,-161428342.357706,-1790501457.10054,-128960363.618749,-4000158103.42601,-226791511.24613,-975719300.411596,370626.047792172,-7070640.54379577,-191359153.104446,4581975.44802691,-82827632.4904232,-857264595.844289,-1047226579.88258,-67067707.3767869,-279269510.271578,-11170237.1014325,5959775258.68556,-2963528.31700602,-3129800730.18616,-198784227.335605,-3241104172.1028,-160178602.324299,-3377824567.79855,-194614337.868382,-1128379865.40231,2730338.89384283,-10997846.008459,-886201732.087249,6162529.61323191,-66193689.6402707,-994929938.872265,-1909873668.38899,-304036484.722188,-455645677.00304,-12451642.6011427
-1615450.50115037,10707858.1590392,-34689682.1588008,-1458325.25349236,-24127704.3523132,6495691.03845013,-7016097.974853,-695499.258601469,3665936.42429972,-35326.0590236826,-92299.2865990949,-3691756.88735011,-296134.54477187,-1982157.15346233,-11065515.9797523,-27212137.0538308,8980544.92477465,-11863020.9790117,-291055.060760689,-1438511.34576846,18164573.9139823,-33008572.4669303,-2865627.84362334,-43672851.1761284,7565834.26822118,-74563352.5524703,-4481512.05374564,17698035.6111118,-46940.6401761908,-114776.37614356,-3021181.43791878,-183177.657961398,-1659782.59272915,-15530384.6302774,-21447821.8184791,5226022.43959771,-5116271.50264963,-194942.638150169,-1397575.35071891,12720977.2593967,-63583813.1754344,-3514015.66651109,-78079298.4357382,9307025.47064351,-62778591.4560618,-3848511.90661072,35841287.0319651,-55016.323230896,-160311.474358192,-13750544.0501736,-286275.139098117,-1318777.77898306,-18224384.2101591,-38769639.5159211,18201664.7310904,-8330544.31673904,-219013.654099909
-873125060.690467,-24125113.6870885,62564574832.5076,-194007472.725778,-2788195010.00087,-261958556.416015,-876835967.878239,-90019918.1947781,-496589591.770155,-5069696.24636232,-13974448.5317234,-586741102.65328,-37132687.9230389,-243261578.804946,-1407053871.43431,-3461112429.63541,-401546494.73266,-1383192164.86082,-41269078.0999453,-1625559750.27299,-33008572.4669303,89609076746.6797,-382607577.893912,-4991972252.54382,-316968114.880931,-9507181332.69935,-559717016.049352,-2406595031.42279,-7413242.89055841,-17293367.4256038,-470518172.026414,-23205511.6443953,-203607104.578455,-2032040995.68016,-2746518346.66536,-162667468.621774,-552958449.385004,-30217315.6676822,-828599076.043265,-27740265.9313375,129849623048.831,-473231648.272466,-8920570526.88187,-391189698.620529,-8006292953.01109,-480240790.48487,-2781650231.09382,-9729372.88235282,-27217341.9473382,-2178813403.91231,-36069608.3775453,-163012384.823848,-2389564121.78831,-4947470464.13247,-746164068.506588,-965199404.353783,-34137541.7401193
-87072364.1558175,-1773582.12862792,-405994943.740225,541161963.05992,-276772946.64329,-26358311.7693163,-93889676.739752,-1555709.59043699,-49500258.875371,-39622.4100744747,-1408086.2331314,-58839808.2374228,-2912553.74531118,-23930418.076104,-151818069.865067,-345868324.324967,-40095377.229551,-158929621.707204,7804217.96501173,-161428342.357706,-2865627.84362334,-382607577.893912,1400745688.30583,-495615088.416555,-31653475.3545364,-991847618.675498,-30395850.290609,-238932316.181793,-287821.615861125,-1728488.15654081,-47324467.8412975,-1872437.2567281,-20062265.2640866,-211862960.160783,-274286031.517309,-16239373.0246289,-68637819.7589434,8612916.09488797,-82266117.3350522,-2336655.6029346,-740919407.547872,1310212837.60552,-888592374.270194,-39233714.9634438,-837630115.433558,-24272124.470275,-276092519.490339,-415289.501322429,-2736267.62693147,-217627657.065807,-2517056.371216,-16029228.5030167,-245776458.874049,-494702064.388058,-74175809.0744809,-111938887.585449,5847896.79235995
-952726043.41611,-32820627.7337457,-5238255850.43979,-255051643.834489,60079677646.1204,-310966416.464058,-1166618890.40474,-108176404.974471,-566458765.951379,-5988321.61269367,-11604210.8717568,-731883028.458423,-45918461.0483666,-295425746.030766,-1884241863.30774,-4303857753.76233,-378317073.018822,-1987543867.79713,-47122588.3342028,-1790501457.10054,-43672851.1761284,-4991972252.54382,-495615088.416555,145430406312.101,-362846349.802014,-12255891151.5283,-694262184.490874,-2864954589.44576,-7091985.02629824,-17645450.1022717,-588840790.766871,-28718792.985732,-248992033.781796,-2628241227.79317,-3414912534.22318,-155668471.372224,-861061576.509713,-31863923.3030112,-861149678.114782,-36595464.3750143,-9612277077.28551,-609916212.027906,164382109904.621,-457288896.054446,-10350392457.8726,-592942570.966468,-3336248628.41495,-9763751.7056703,-28534175.4306136,-2707002522.7696,-45014491.4954885,-194641086.744921,-3048653479.44517,-6153942838.21458,-783642968.650347,-1402411360.55717,-35134130.4640835
-69361909.0984012,3671947.16654786,-331972248.20742,-16162536.2922943,-202794904.696365,525353069.967304,-73854982.0917927,-7160179.69983483,-39546066.3519139,838084.113285692,-1118617.16891797,-46791991.1658754,-2930301.56020122,-19391137.362512,-120612881.73964,-267996099.581423,-32214285.1058805,-126968423.266058,-3212555.34846802,-128960363.618749,7565834.26822118,-316968114.880931,-31653475.3545364,-362846349.802014,887612489.047077,-782972095.907191,-43897592.0083581,-193006304.730464,1085053.94278024,-1366343.17839207,-37583444.5531383,-1844792.3072466,-16262045.4416408,-168723170.192281,-212662160.557857,-13094609.324197,-54673531.3551638,-2136352.65843504,-65713232.1887584,8802822.49809053,-610289868.083134,-38930547.4920309,-656096674.875712,843611069.969512,-661811068.063844,-37724254.5829502,-222576218.661561,1457988.8708747,-2088608.53861677,-174002274.696467,-2879423.45148354,-13008194.9639883,-195647452.365092,-383000229.405947,-59617152.7743619,-89394191.4201967,-2385027.40218327
-2157961111.09,-48547182.127381,-10052519152.3667,-513606353.377388,-6845197346.75827,-651546326.495947,35990816234.6892,-201743597.942292,-1226673214.41775,-4298433.65522096,45366191.0550699,-1448674017.99089,-82522688.5321993,-598700210.141256,-3729682930.84985,-8482266659.59655,-994219626.278638,-3927976168.68785,217745786.099537,-4000158103.42601,-74563352.5524703,-9507181332.69935,-991847618.675498,-12255891151.5283,-782972095.907191,500921954909.826,-1303610065.15441,-5912556583.55397,-6635830.78089441,71227861.8386418,-1163775959.08497,-49068149.7052928,-502189233.701553,-5203517115.26882,-6735568364.8819,-405477606.923365,-1699525059.0032,22176949.7207856,-2043133830.80318,-62457927.8584863,-18535253361.0058,-1212635696.18777,-21910294523.7406,-970307271.189795,321133030570.141,-1125046114.84106,-6835557237.25179,-15788009.9249993,111825215.552103,-5368614278.99063,-78515622.1621956,-401293127.172915,-6035245553.35064,-12145162415.0124,-1837077050.14342,-2769059308.69739,137762492.724019
-121862147.768622,-3256642.70847654,-587369242.600238,-8929170.15227519,-387559029.794343,-36495539.4028316,-124756362.594643,300140209.138289,-68023925.4438703,-730352.06654557,-1247821.4886594,-65312132.105974,-4996576.81147327,-33537707.6247259,-167216876.275561,-483242348.777898,-55345754.8278705,-218414804.965422,-5548658.25309335,-226791511.24613,-4481512.05374564,-559717016.049352,-30395850.290609,-694262184.490874,-43897592.0083581,-1303610065.15441,2417530044.31551,-331545949.826188,-1040757.21304312,-1646767.46026917,-52822502.4603739,-3122340.16019148,-28100970.9334975,-227639799.399623,-383387091.484964,-22417484.4634712,-94715936.5570034,-3818408.2041607,-115340673.820734,-3760414.38105314,-1077775217.76882,-35312038.9743534,-1241057335.1097,-54424340.8501322,-1098196109.96165,1710764303.83649,-384109524.724068,-1343304.9098812,-2996122.40594689,-268563206.188116,-4907164.08388858,-22351149.5147904,-242486356.32348,-690834295.153159,-103736898.675035,-154129602.838013,-4223014.29939832
-525545532.412638,24187017.6793219,-2524862376.09705,-121908931.424828,-1598607222.92962,-164541549.65321,-560813677.094241,-53662423.603737,4057224355.09138,9200033.58102934,-8426965.88221044,-352721559.616914,65302677.1317033,-145245055.686503,-908396439.44085,-1946954625.78081,-242622722.051649,-955491045.715591,-24408487.4255423,-975719300.411596,17698035.6111118,-2406595031.42279,-238932316.181793,-2864954589.44576,-193006304.730464,-5912556583.55397,-331545949.826188,33838375121.2118,10156930.1206884,-10095078.1607112,-282292868.956386,62478852.6249862,-121693461.169007,-1269025515.71094,-1528623068.08156,-98634633.2558571,-412292616.559989,-17032100.6889571,-497910556.591419,7794410.82682824,-4630132665.94554,-294415622.306653,-5149626941.77831,-238522952.404118,-4992734790.38325,-284219568.44344,29649889306.804,19662617.2087104,-16236911.8276603,-1311464095.3214,82812808.006744,-96657734.47123,-1471814435.87356,-2777142105.60923,-448702967.472416,-672504346.413892,-18931515.862377
174547.367390182,-28227.3609948905,-7776926.70879733,-159392.333083067,-4059418.42887151,479550.946845125,-564501.659072449,-166307.707232677,2156123.35378582,58305.7245116098,-10427.243722361,-397803.408023198,66232.0309507871,4148975.1173829,-1356440.77515692,-6770335.33137884,-298851.171968258,-1647583.00947417,-44431.3051977171,370626.047792172,-46940.6401761908,-7413242.89055841,-287821.615861125,-7091985.02629824,1085053.94278024,-6635830.78089441,-1040757.21304312,10156930.1206884,109524.529960451,-14546.9839386201,-313459.039087647,61378.9002331678,2957166.71374836,-2023321.77124664,-5354468.1883936,-148965.127814408,-806653.815274027,-29425.8960717089,239967.340660221,-40493.9211889257,-14290650.6058215,-365866.673777445,-13209885.1495555,1434820.01338634,-5357247.22502961,-884088.583178805,11946472.8381752,97859.6303054281,-28163.3000024143,-1424253.19787339,87065.5912981058,3353013.5556284,-2282998.50318958,-9675565.80026739,-627286.632473521,-1128969.94370153,-35996.7026597527
-3802634.14223797,-77788.7432683395,-18148246.4940386,-891269.055401033,-9643025.86394052,-1142562.15463219,4337686.97998551,-194945.456942274,-2093388.09968601,-7760.65041641484,1932400.40352269,-2487193.01518843,-127867.440600304,-941983.97000317,17126608.5416209,-11622827.7453359,-1710966.31225227,3739320.45846873,-169693.943787014,-7070640.54379577,-114776.37614356,-17293367.4256038,-1728488.15654081,-17645450.1022717,-1366343.17839207,71227861.8386418,-1646767.46026917,-10095078.1607112,-14546.9839386201,2302262.3940656,-1997423.13371504,-81094.5391669517,-851742.455218474,23085561.6477981,-9421304.24753281,-702221.46517279,1858884.99346806,-117047.816819162,-3613054.93076803,-98649.2834540849,-33283855.7259705,-2116631.24703598,-31990349.0715199,-1699197.25008769,80191987.8506416,-1420917.17701825,-11642466.606308,-26589.9616059584,2734104.54633783,-9305083.64180503,-124611.211259877,-505952.631663474,29596918.2456773,-16830532.130016,-3193257.82228968,4649064.66642765,-130226.577674887
-103331706.368994,-1735005.41235915,-495031928.914242,-24245160.9238109,-329188918.987456,-31310265.2135537,-110316029.43189,-6559531.6123454,-59411392.0135772,-227022.416407833,-1616476.34010823,1219312784.84039,-25408.6512887342,-28615849.4073053,-181096999.170963,-319451449.034733,-47251736.8425733,-189071177.604079,-4841033.26249049,-191359153.104446,-3021181.43791878,-470518172.026414,-47324467.8412975,-588840790.766871,-37583444.5531383,-1163775959.08497,-52822502.4603739,-282292868.956386,-313459.039087647,-1997423.13371504,1571114185.09135,47240.297501862,-24005112.4981126,-253328230.658365,-236512273.106745,-19028881.9384217,-81674657.7644444,-3353686.42681951,-97746007.0295842,-2502058.34197897,-907027958.236586,-58168063.239713,-1053878279.55767,-46573430.3954709,-982624570.238314,-42692007.781253,-326448389.914284,-316799.142127362,-3174645.80768269,4159135980.43133,1472654.54912384,-19155762.9297846,-293316870.064141,-452693544.726025,-87745375.4084022,-133195273.372489,-3710959.54078779
4353771.49993982,-126545.62588427,-24423577.4995433,-961805.185614523,-16042264.5797972,-1555380.75800197,-4685144.74340615,-491572.464824247,10398023.2593875,57738.5342258481,-66461.284126565,128381.890418841,10389994.5631011,-1345668.9079188,-7509120.496372,-20898908.0641096,4367810.56842387,-7844883.87675018,-205373.987380637,4581975.44802691,-183177.657961398,-23205511.6443953,-1872437.2567281,-28718792.985732,-1844792.3072466,-49068149.7052928,-3122340.16019148,62478852.6249862,61378.9002331678,-81094.5391669517,47240.297501862,5398539.99381418,-1100421.2721808,-10562163.4845699,-17011795.9254756,1178600.51619033,-3398318.01789596,-141098.973390419,3776671.1884728,-154412.740058211,-44737610.5818344,-2285210.38159551,-51320497.2895266,-2287736.26483249,-41497825.660871,-2662420.9540822,55402313.5247863,74234.2203718355,-124518.25220888,597640.880991987,6981315.73896972,-879755.582101858,-12288058.4054305,-30380707.3959596,7377692.8480163,-5577176.53320696,-159530.131986288
-44517481.1393668,-1218106.55630127,-214129543.42601,-10220735.4411336,-139157714.209197,-13463572.4094632,-47570050.835984,-4556749.55691053,-25156092.1086167,2353946.40100548,-700698.842287842,-29911335.4472426,-1728095.56703554,594337307.869803,-76390398.2743844,-173545463.461919,-20384989.8712461,-57507894.8579839,-1992175.35166464,-82827632.4904232,-1659782.59272915,-203607104.578455,-20062265.2640866,-248992033.781796,-16262045.4416408,-502189233.701553,-28100970.9334975,-121693461.169007,2957166.71374836,-851742.455218474,-24005112.4981126,-1100421.2721808,591130602.341666,-106960716.130936,-137906353.16624,-8320021.65861474,-21444123.7417979,-1369379.24672444,-42213037.0008485,-1405404.33855092,-392262577.643421,-24664865.7231681,-445385223.189846,-20101416.9821413,-424035551.937363,-24113826.5899744,-140882586.781562,3242267.24447931,-1285540.47838766,-111075200.975551,-1714142.42970537,301254095.063008,-124257026.624951,-248210717.732994,-37973041.2508101,-38222354.0533574,-1530060.97122518
-461613355.914329,-10114406.5161222,-2132301858.43658,-109066820.887742,-1468205083.82346,-140319843.074867,-494348710.765975,-23019722.3740996,-263391087.227998,-768851.374945326,18268622.8418441,-313588637.237872,-17085199.6442348,-127642749.882411,15628901637.2816,-1810577990.67917,-212932967.723785,-845074235.444919,65973151.8265688,-857264595.844289,-15530384.6302774,-2032040995.68016,-211862960.160783,-2628241227.79317,-168723170.192281,-5203517115.26882,-227639799.399623,-1269025515.71094,-2023321.77124664,23085561.6477981,-253328230.658365,-10562163.4845699,-106960716.130936,29444958381.8797,-1441746808.20658,-86278894.8393582,-364811165.966769,60488531.4936371,-436665801.686983,-13160000.2931549,-3899661689.97345,-260397994.012228,-4702313593.79326,-208894774.248805,-4393993830.06706,-204495837.607641,-1467097480.072,-3001581.882614,35028383.9536985,-1153525946.77888,-16054872.8416506,-85637546.5742286,33597288389.086,-2599720307.8021,-394297915.831789,-595288892.652344,49964984.9270211
-561516848.698546,-15173121.4331112,-2881734606.08928,-141221235.499766,-1907676839.85402,-176896304.61329,-641340405.736103,-61305495.7805527,-265953546.053647,-3667366.64726578,-7502487.56786306,-294177342.935926,-26037117.1899071,-163984375.5397,-1033608382.5315,37187228579.1267,-265011790.642754,-1092443485.80252,-25649662.5756817,-1047226579.88258,-21447821.8184791,-2746518346.66536,-274286031.517309,-3414912534.22318,-212662160.557857,-6735568364.8819,-383387091.484964,-1528623068.08156,-5354468.1883936,-9421304.24753281,-236512273.106745,-17011795.9254756,-137906353.16624,-1441746808.20658,58552129807.2757,-106309932.527208,-472253188.540966,-17836751.2914545,-518187856.272255,-17850774.2218087,-5287523216.84671,-337098763.331669,-6101955344.84495,-264379629.217257,-5687824273.94524,-328821349.104528,-1738224442.61282,-6720272.1854298,-16317488.0142249,-1287146711.19297,-25460956.9375252,-108789715.374067,-1672377272.41342,53886186046.0306,-500132382.214929,-769868129.967077,-19110087.5983474
-36036295.9892939,2757949.87496976,-170745048.029061,-8300178.28269892,-86024761.0490275,-10892319.9575067,-38472763.4796365,-3638275.85583446,-20385333.6242084,-40958.7652143298,-580794.054779198,-23691244.5894087,898491.9066108,-9949590.10371039,-61751909.5505753,-134429687.150097,365588936.175928,-64331653.5932828,-1645964.76460408,-67067707.3767869,5226022.43959771,-162667468.621774,-16239373.0246289,-155668471.372224,-13094609.324197,-405477606.923365,-22417484.4634712,-98634633.2558571,-148965.127814408,-702221.46517279,-19028881.9384217,1178600.51619033,-8320021.65861474,-86278894.8393582,-106309932.527208,209739714.167348,-27615366.7237681,-1130614.13900049,-34216014.5884877,5637134.26895907,-312989510.472972,-20008126.6172637,-281226376.275191,-16225185.7357724,-342399607.50559,-19246792.4180536,-114011759.492401,-213296.135898783,-1098265.1672557,-88000609.0757249,2104107.13011345,-6611364.35173304,-100001862.718207,-192333668.66367,705326169.882415,-45282297.8398807,-1257272.21177733
-150499717.339108,-3301275.5960567,-574397902.14506,-35103260.339121,-480835578.513189,-45449259.7218937,-161845560.835943,-14925255.9313166,-85513763.5520994,-420525.899681043,1753916.78631442,-101485906.675513,-5825978.33065412,-26815348.4734668,-261337047.26725,-595002013.167373,-68077223.6004825,4832921906.77862,-1625016.59005223,-279269510.271578,-5116271.50264963,-552958449.385004,-68637819.7589434,-861061576.509713,-54673531.3551638,-1699525059.0032,-94715936.5570034,-412292616.559989,-806653.815274027,1858884.99346806,-81674657.7644444,-3398318.01789596,-21444123.7417979,-364811165.966769,-472253188.540966,-27615366.7237681,3200897336.50432,-2601454.71419243,-142441130.519096,-4313858.55203326,-1084852393.45632,-84677090.3917072,-1539320549.37648,-67705950.3207181,-1435064207.28921,-81288201.4256848,-476558381.076123,-1349912.86943386,7108807.96886972,-375481116.279292,-5622043.60310183,-17503551.9290927,-422285426.821437,-851522120.888009,-125809256.503553,3571414022.98066,-1972192.98532702
-5979198.22200559,-129162.474143123,-31046805.7128323,4424590.06996806,-17721180.9223145,-1776618.66854773,5930255.30051394,-619884.801580868,-3520282.85929194,-15635.5032083172,-94798.3719465614,-4155235.37337447,-221309.680204762,-1651072.88875841,38828393.1884931,-21969006.4317369,-2807335.17851588,-5496159.34579949,7525122.46162267,-11170237.1014325,-194942.638150169,-30217315.6676822,8612916.09488797,-31863923.3030112,-2136352.65843504,22176949.7207856,-3818408.2041607,-17032100.6889571,-29425.8960717089,-117047.816819162,-3353686.42681951,-141098.973390419,-1369379.24672444,60488531.4936371,-17836751.2914545,-1130614.13900049,-2601454.71419243,5351669.54148412,-5681012.78936149,-164665.902009104,-57382598.8386023,10155698.6332504,-56989367.2946303,-2643594.31070852,22718093.6984133,-3278360.37143454,-19671321.6530493,-45677.1367806641,-183934.220987759,-15338499.0664126,-211436.003659061,-1125107.57833137,45503522.2272937,-31739487.6387847,-5202898.42384078,-3966124.81704712,7038960.96423568
3566750174.26472,1343089.06483033,-869486242.191899,-41989681.9082851,-463220795.45132,-54535525.4654751,-193533192.931645,-18614871.3270909,-103302460.947873,-355440.579727565,-2888115.25098656,-121888063.418949,755858.935706658,-50274462.8140824,-312867612.592575,-668652776.292421,-83978593.2926073,-330029482.172817,-8365566.27397741,5959775258.68556,-1397575.35071891,-828599076.043265,-82266117.3350522,-861149678.114782,-65713232.1887584,-2043133830.80318,-115340673.820734,-497910556.591419,239967.340660221,-3613054.93076803,-97746007.0295842,3776671.1884728,-42213037.0008485,-436665801.686983,-518187856.272255,-34216014.5884877,-142441130.519096,-5681012.78936149,4342863278.23824,-1555855.18817331,-1594953817.09101,-101285541.87098,-1548483490.89537,-81609681.5858129,-1725239234.3673,-98979815.5647533,-575789963.65265,1496185.82723701,-5608912.3074012,-452340996.163664,6685738.69392082,-33742979.6746745,-506837796.305721,-946446799.685602,-154837375.339328,-232361019.253891,-6336614.96029121
